{
 "cells": [
  {
   "cell_type": "code",
   "execution_count": 2,
   "metadata": {},
   "outputs": [
    {
     "data": {
      "text/plain": [
       "<module 'simpledrift' from '/Users/athenaye/Documents/GitHub/Simplified-Drift-Modeling/simpledrift.py'>"
      ]
     },
     "execution_count": 2,
     "metadata": {},
     "output_type": "execute_result"
    }
   ],
   "source": [
    "import simpledrift as sd\n",
    "import imp\n",
    "imp.reload(sd)"
   ]
  },
  {
   "cell_type": "code",
   "execution_count": 36,
   "metadata": {
    "scrolled": true
   },
   "outputs": [
    {
     "name": "stdout",
     "output_type": "stream",
     "text": [
      "blur\n",
      "blur\n",
      "blur\n",
      "blur\n",
      "blur\n",
      "blur\n",
      "blur\n",
      "blur\n",
      "blur\n",
      "blur\n",
      "blur\n",
      "blur\n",
      "blur\n",
      "blur\n",
      "blur\n",
      "blur\n",
      "blur\n",
      "blur\n",
      "blur\n",
      "blur\n",
      "blur\n",
      "blur\n",
      "blur\n",
      "blur\n",
      "blur\n",
      "blur\n",
      "blur\n",
      "blur\n",
      "blur\n",
      "blur\n",
      "[[1.99471140e+00 1.98456125e+00 1.95441966e+00 ... 2.84221100e-21\n",
      "  1.05104596e-21 3.84729931e-22]\n",
      " [1.98456125e+00 1.99471140e+00 1.98456125e+00 ... 7.60781250e-21\n",
      "  2.84221100e-21 1.05104596e-21]\n",
      " [1.95441966e+00 1.98456125e+00 1.99471140e+00 ... 2.01572908e-20\n",
      "  7.60781250e-21 2.84221100e-21]\n",
      " ...\n",
      " [2.84221100e-21 7.60781250e-21 2.01572908e-20 ... 1.99471140e+00\n",
      "  1.98456125e+00 1.95441966e+00]\n",
      " [1.05104596e-21 2.84221100e-21 7.60781250e-21 ... 1.98456125e+00\n",
      "  1.99471140e+00 1.98456125e+00]\n",
      " [3.84729931e-22 1.05104596e-21 2.84221100e-21 ... 1.95441966e+00\n",
      "  1.98456125e+00 1.99471140e+00]]\n",
      "blur\n",
      "blur\n",
      "blur\n",
      "blur\n",
      "blur\n",
      "blur\n",
      "blur\n",
      "blur\n",
      "blur\n",
      "blur\n",
      "blur\n",
      "blur\n",
      "blur\n",
      "blur\n",
      "blur\n",
      "blur\n",
      "blur\n",
      "blur\n",
      "blur\n",
      "blur\n",
      "blur\n",
      "blur\n",
      "blur\n",
      "blur\n",
      "blur\n",
      "blur\n",
      "blur\n",
      "blur\n",
      "blur\n",
      "blur\n",
      "[[1.99471140e+00 1.98456125e+00 1.95441966e+00 ... 2.84221100e-21\n",
      "  1.05104596e-21 3.84729931e-22]\n",
      " [1.98456125e+00 1.99471140e+00 1.98456125e+00 ... 7.60781250e-21\n",
      "  2.84221100e-21 1.05104596e-21]\n",
      " [1.95441966e+00 1.98456125e+00 1.99471140e+00 ... 2.01572908e-20\n",
      "  7.60781250e-21 2.84221100e-21]\n",
      " ...\n",
      " [2.84221100e-21 7.60781250e-21 2.01572908e-20 ... 1.99471140e+00\n",
      "  1.98456125e+00 1.95441966e+00]\n",
      " [1.05104596e-21 2.84221100e-21 7.60781250e-21 ... 1.98456125e+00\n",
      "  1.99471140e+00 1.98456125e+00]\n",
      " [3.84729931e-22 1.05104596e-21 2.84221100e-21 ... 1.95441966e+00\n",
      "  1.98456125e+00 1.99471140e+00]]\n",
      "blur\n",
      "blur\n",
      "blur\n",
      "blur\n",
      "blur\n",
      "blur\n",
      "blur\n",
      "blur\n",
      "blur\n",
      "blur\n",
      "blur\n",
      "blur\n",
      "blur\n",
      "blur\n",
      "blur\n",
      "blur\n",
      "blur\n",
      "blur\n",
      "blur\n",
      "blur\n",
      "blur\n",
      "blur\n",
      "blur\n",
      "blur\n",
      "blur\n",
      "blur\n",
      "blur\n",
      "blur\n",
      "blur\n",
      "blur\n",
      "[[1.99471140e+00 1.98456125e+00 1.95441966e+00 ... 2.84221100e-21\n",
      "  1.05104596e-21 3.84729931e-22]\n",
      " [1.98456125e+00 1.99471140e+00 1.98456125e+00 ... 7.60781250e-21\n",
      "  2.84221100e-21 1.05104596e-21]\n",
      " [1.95441966e+00 1.98456125e+00 1.99471140e+00 ... 2.01572908e-20\n",
      "  7.60781250e-21 2.84221100e-21]\n",
      " ...\n",
      " [2.84221100e-21 7.60781250e-21 2.01572908e-20 ... 1.99471140e+00\n",
      "  1.98456125e+00 1.95441966e+00]\n",
      " [1.05104596e-21 2.84221100e-21 7.60781250e-21 ... 1.98456125e+00\n",
      "  1.99471140e+00 1.98456125e+00]\n",
      " [3.84729931e-22 1.05104596e-21 2.84221100e-21 ... 1.95441966e+00\n",
      "  1.98456125e+00 1.99471140e+00]]\n",
      "blur\n",
      "blur\n",
      "blur\n",
      "blur\n",
      "blur\n",
      "blur\n",
      "blur\n",
      "blur\n",
      "blur\n",
      "blur\n",
      "blur\n",
      "blur\n",
      "blur\n",
      "blur\n",
      "blur\n",
      "blur\n",
      "blur\n",
      "blur\n",
      "blur\n",
      "blur\n",
      "blur\n",
      "blur\n",
      "blur\n",
      "blur\n",
      "blur\n",
      "blur\n",
      "blur\n",
      "blur\n",
      "blur\n",
      "blur\n",
      "[[1.99471140e+00 1.98456125e+00 1.95441966e+00 ... 2.84221100e-21\n",
      "  1.05104596e-21 3.84729931e-22]\n",
      " [1.98456125e+00 1.99471140e+00 1.98456125e+00 ... 7.60781250e-21\n",
      "  2.84221100e-21 1.05104596e-21]\n",
      " [1.95441966e+00 1.98456125e+00 1.99471140e+00 ... 2.01572908e-20\n",
      "  7.60781250e-21 2.84221100e-21]\n",
      " ...\n",
      " [2.84221100e-21 7.60781250e-21 2.01572908e-20 ... 1.99471140e+00\n",
      "  1.98456125e+00 1.95441966e+00]\n",
      " [1.05104596e-21 2.84221100e-21 7.60781250e-21 ... 1.98456125e+00\n",
      "  1.99471140e+00 1.98456125e+00]\n",
      " [3.84729931e-22 1.05104596e-21 2.84221100e-21 ... 1.95441966e+00\n",
      "  1.98456125e+00 1.99471140e+00]]\n",
      "blur\n",
      "blur\n",
      "blur\n",
      "blur\n",
      "blur\n",
      "blur\n",
      "blur\n",
      "blur\n",
      "blur\n",
      "blur\n",
      "blur\n",
      "blur\n",
      "blur\n",
      "blur\n",
      "blur\n",
      "blur\n",
      "blur\n",
      "blur\n",
      "blur\n",
      "blur\n",
      "blur\n",
      "blur\n",
      "blur\n",
      "blur\n",
      "blur\n",
      "blur\n",
      "blur\n",
      "blur\n",
      "blur\n",
      "blur\n",
      "[[1.99471140e+00 1.98456125e+00 1.95441966e+00 ... 2.84221100e-21\n",
      "  1.05104596e-21 3.84729931e-22]\n",
      " [1.98456125e+00 1.99471140e+00 1.98456125e+00 ... 7.60781250e-21\n",
      "  2.84221100e-21 1.05104596e-21]\n",
      " [1.95441966e+00 1.98456125e+00 1.99471140e+00 ... 2.01572908e-20\n",
      "  7.60781250e-21 2.84221100e-21]\n",
      " ...\n",
      " [2.84221100e-21 7.60781250e-21 2.01572908e-20 ... 1.99471140e+00\n",
      "  1.98456125e+00 1.95441966e+00]\n",
      " [1.05104596e-21 2.84221100e-21 7.60781250e-21 ... 1.98456125e+00\n",
      "  1.99471140e+00 1.98456125e+00]\n",
      " [3.84729931e-22 1.05104596e-21 2.84221100e-21 ... 1.95441966e+00\n",
      "  1.98456125e+00 1.99471140e+00]]\n",
      "blur\n",
      "blur\n",
      "blur\n",
      "blur\n",
      "blur\n",
      "blur\n",
      "blur\n",
      "blur\n",
      "blur\n",
      "blur\n",
      "blur\n",
      "blur\n",
      "blur\n",
      "blur\n",
      "blur\n",
      "blur\n",
      "blur\n",
      "blur\n",
      "blur\n",
      "blur\n",
      "blur\n",
      "blur\n",
      "blur\n",
      "blur\n",
      "blur\n",
      "blur\n",
      "blur\n",
      "blur\n",
      "blur\n",
      "blur\n",
      "[[1.99471140e+00 1.98456125e+00 1.95441966e+00 ... 2.84221100e-21\n",
      "  1.05104596e-21 3.84729931e-22]\n",
      " [1.98456125e+00 1.99471140e+00 1.98456125e+00 ... 7.60781250e-21\n",
      "  2.84221100e-21 1.05104596e-21]\n",
      " [1.95441966e+00 1.98456125e+00 1.99471140e+00 ... 2.01572908e-20\n",
      "  7.60781250e-21 2.84221100e-21]\n",
      " ...\n",
      " [2.84221100e-21 7.60781250e-21 2.01572908e-20 ... 1.99471140e+00\n",
      "  1.98456125e+00 1.95441966e+00]\n",
      " [1.05104596e-21 2.84221100e-21 7.60781250e-21 ... 1.98456125e+00\n",
      "  1.99471140e+00 1.98456125e+00]\n",
      " [3.84729931e-22 1.05104596e-21 2.84221100e-21 ... 1.95441966e+00\n",
      "  1.98456125e+00 1.99471140e+00]]\n",
      "blur\n",
      "blur\n",
      "blur\n",
      "blur\n",
      "blur\n",
      "blur\n",
      "blur\n",
      "blur\n",
      "blur\n",
      "blur\n",
      "blur\n",
      "blur\n",
      "blur\n",
      "blur\n",
      "blur\n",
      "blur\n",
      "blur\n",
      "blur\n",
      "blur\n",
      "blur\n",
      "blur\n",
      "blur\n",
      "blur\n",
      "blur\n",
      "blur\n",
      "blur\n",
      "blur\n",
      "blur\n",
      "blur\n",
      "blur\n",
      "[[1.99471140e+00 1.98456125e+00 1.95441966e+00 ... 2.84221100e-21\n",
      "  1.05104596e-21 3.84729931e-22]\n",
      " [1.98456125e+00 1.99471140e+00 1.98456125e+00 ... 7.60781250e-21\n",
      "  2.84221100e-21 1.05104596e-21]\n",
      " [1.95441966e+00 1.98456125e+00 1.99471140e+00 ... 2.01572908e-20\n",
      "  7.60781250e-21 2.84221100e-21]\n",
      " ...\n",
      " [2.84221100e-21 7.60781250e-21 2.01572908e-20 ... 1.99471140e+00\n",
      "  1.98456125e+00 1.95441966e+00]\n",
      " [1.05104596e-21 2.84221100e-21 7.60781250e-21 ... 1.98456125e+00\n",
      "  1.99471140e+00 1.98456125e+00]\n",
      " [3.84729931e-22 1.05104596e-21 2.84221100e-21 ... 1.95441966e+00\n",
      "  1.98456125e+00 1.99471140e+00]]\n",
      "blur\n",
      "blur\n",
      "blur\n",
      "blur\n",
      "blur\n",
      "blur\n",
      "blur\n",
      "blur\n",
      "blur\n",
      "blur\n",
      "blur\n",
      "blur\n",
      "blur\n",
      "blur\n",
      "blur\n",
      "blur\n",
      "blur\n",
      "blur\n",
      "blur\n",
      "blur\n",
      "blur\n",
      "blur\n",
      "blur\n",
      "blur\n",
      "blur\n",
      "blur\n",
      "blur\n",
      "blur\n",
      "blur\n",
      "blur\n",
      "[[1.99471140e+00 1.98456125e+00 1.95441966e+00 ... 2.84221100e-21\n",
      "  1.05104596e-21 3.84729931e-22]\n",
      " [1.98456125e+00 1.99471140e+00 1.98456125e+00 ... 7.60781250e-21\n",
      "  2.84221100e-21 1.05104596e-21]\n",
      " [1.95441966e+00 1.98456125e+00 1.99471140e+00 ... 2.01572908e-20\n",
      "  7.60781250e-21 2.84221100e-21]\n",
      " ...\n",
      " [2.84221100e-21 7.60781250e-21 2.01572908e-20 ... 1.99471140e+00\n",
      "  1.98456125e+00 1.95441966e+00]\n",
      " [1.05104596e-21 2.84221100e-21 7.60781250e-21 ... 1.98456125e+00\n",
      "  1.99471140e+00 1.98456125e+00]\n",
      " [3.84729931e-22 1.05104596e-21 2.84221100e-21 ... 1.95441966e+00\n",
      "  1.98456125e+00 1.99471140e+00]]\n",
      "blur\n",
      "blur\n",
      "blur\n",
      "blur\n",
      "blur\n",
      "blur\n",
      "blur\n",
      "blur\n",
      "blur\n",
      "blur\n",
      "blur\n",
      "blur\n",
      "blur\n",
      "blur\n",
      "blur\n",
      "blur\n",
      "blur\n",
      "blur\n",
      "blur\n",
      "blur\n",
      "blur\n",
      "blur\n",
      "blur\n",
      "blur\n",
      "blur\n",
      "blur\n",
      "blur\n",
      "blur\n",
      "blur\n",
      "blur\n",
      "[[1.99471140e+00 1.98456125e+00 1.95441966e+00 ... 2.84221100e-21\n",
      "  1.05104596e-21 3.84729931e-22]\n",
      " [1.98456125e+00 1.99471140e+00 1.98456125e+00 ... 7.60781250e-21\n",
      "  2.84221100e-21 1.05104596e-21]\n",
      " [1.95441966e+00 1.98456125e+00 1.99471140e+00 ... 2.01572908e-20\n",
      "  7.60781250e-21 2.84221100e-21]\n",
      " ...\n",
      " [2.84221100e-21 7.60781250e-21 2.01572908e-20 ... 1.99471140e+00\n",
      "  1.98456125e+00 1.95441966e+00]\n",
      " [1.05104596e-21 2.84221100e-21 7.60781250e-21 ... 1.98456125e+00\n",
      "  1.99471140e+00 1.98456125e+00]\n",
      " [3.84729931e-22 1.05104596e-21 2.84221100e-21 ... 1.95441966e+00\n",
      "  1.98456125e+00 1.99471140e+00]]\n",
      "blur\n",
      "blur\n",
      "blur\n",
      "blur\n",
      "blur\n",
      "blur\n",
      "blur\n",
      "blur\n",
      "blur\n",
      "blur\n",
      "blur\n",
      "blur\n",
      "blur\n",
      "blur\n",
      "blur\n",
      "blur\n",
      "blur\n",
      "blur\n",
      "blur\n",
      "blur\n",
      "blur\n",
      "blur\n",
      "blur\n",
      "blur\n",
      "blur\n",
      "blur\n",
      "blur\n",
      "blur\n",
      "blur\n",
      "blur\n",
      "[[1.99471140e+00 1.98456125e+00 1.95441966e+00 ... 2.84221100e-21\n",
      "  1.05104596e-21 3.84729931e-22]\n",
      " [1.98456125e+00 1.99471140e+00 1.98456125e+00 ... 7.60781250e-21\n",
      "  2.84221100e-21 1.05104596e-21]\n",
      " [1.95441966e+00 1.98456125e+00 1.99471140e+00 ... 2.01572908e-20\n",
      "  7.60781250e-21 2.84221100e-21]\n",
      " ...\n",
      " [2.84221100e-21 7.60781250e-21 2.01572908e-20 ... 1.99471140e+00\n",
      "  1.98456125e+00 1.95441966e+00]\n",
      " [1.05104596e-21 2.84221100e-21 7.60781250e-21 ... 1.98456125e+00\n",
      "  1.99471140e+00 1.98456125e+00]\n",
      " [3.84729931e-22 1.05104596e-21 2.84221100e-21 ... 1.95441966e+00\n",
      "  1.98456125e+00 1.99471140e+00]]\n",
      "blur\n",
      "blur\n",
      "blur\n",
      "blur\n",
      "blur\n",
      "blur\n",
      "blur\n",
      "blur\n",
      "blur\n",
      "blur\n",
      "blur\n",
      "blur\n",
      "blur\n",
      "blur\n",
      "blur\n",
      "blur\n",
      "blur\n",
      "blur\n",
      "blur\n",
      "blur\n",
      "blur\n",
      "blur\n",
      "blur\n",
      "blur\n",
      "blur\n",
      "blur\n",
      "blur\n",
      "blur\n",
      "blur\n",
      "blur\n",
      "[[1.99471140e+00 1.98456125e+00 1.95441966e+00 ... 2.84221100e-21\n",
      "  1.05104596e-21 3.84729931e-22]\n",
      " [1.98456125e+00 1.99471140e+00 1.98456125e+00 ... 7.60781250e-21\n",
      "  2.84221100e-21 1.05104596e-21]\n",
      " [1.95441966e+00 1.98456125e+00 1.99471140e+00 ... 2.01572908e-20\n",
      "  7.60781250e-21 2.84221100e-21]\n",
      " ...\n",
      " [2.84221100e-21 7.60781250e-21 2.01572908e-20 ... 1.99471140e+00\n",
      "  1.98456125e+00 1.95441966e+00]\n",
      " [1.05104596e-21 2.84221100e-21 7.60781250e-21 ... 1.98456125e+00\n",
      "  1.99471140e+00 1.98456125e+00]\n",
      " [3.84729931e-22 1.05104596e-21 2.84221100e-21 ... 1.95441966e+00\n",
      "  1.98456125e+00 1.99471140e+00]]\n",
      "blur\n",
      "blur\n",
      "blur\n",
      "blur\n",
      "blur\n",
      "blur\n",
      "blur\n",
      "blur\n",
      "blur\n",
      "blur\n",
      "blur\n"
     ]
    },
    {
     "name": "stdout",
     "output_type": "stream",
     "text": [
      "blur\n",
      "blur\n",
      "blur\n",
      "blur\n",
      "blur\n",
      "blur\n",
      "blur\n",
      "blur\n",
      "blur\n",
      "blur\n",
      "blur\n",
      "blur\n",
      "blur\n",
      "blur\n",
      "blur\n",
      "blur\n",
      "blur\n",
      "blur\n",
      "blur\n",
      "[[1.99471140e+00 1.98456125e+00 1.95441966e+00 ... 2.84221100e-21\n",
      "  1.05104596e-21 3.84729931e-22]\n",
      " [1.98456125e+00 1.99471140e+00 1.98456125e+00 ... 7.60781250e-21\n",
      "  2.84221100e-21 1.05104596e-21]\n",
      " [1.95441966e+00 1.98456125e+00 1.99471140e+00 ... 2.01572908e-20\n",
      "  7.60781250e-21 2.84221100e-21]\n",
      " ...\n",
      " [2.84221100e-21 7.60781250e-21 2.01572908e-20 ... 1.99471140e+00\n",
      "  1.98456125e+00 1.95441966e+00]\n",
      " [1.05104596e-21 2.84221100e-21 7.60781250e-21 ... 1.98456125e+00\n",
      "  1.99471140e+00 1.98456125e+00]\n",
      " [3.84729931e-22 1.05104596e-21 2.84221100e-21 ... 1.95441966e+00\n",
      "  1.98456125e+00 1.99471140e+00]]\n",
      "blur\n",
      "blur\n",
      "blur\n",
      "blur\n",
      "blur\n",
      "blur\n",
      "blur\n",
      "blur\n",
      "blur\n",
      "blur\n",
      "blur\n",
      "blur\n",
      "blur\n",
      "blur\n",
      "blur\n",
      "blur\n",
      "blur\n",
      "blur\n",
      "blur\n",
      "blur\n",
      "blur\n",
      "blur\n",
      "blur\n",
      "blur\n",
      "blur\n",
      "blur\n",
      "blur\n",
      "blur\n",
      "blur\n",
      "blur\n",
      "[[1.99471140e+00 1.98456125e+00 1.95441966e+00 ... 2.84221100e-21\n",
      "  1.05104596e-21 3.84729931e-22]\n",
      " [1.98456125e+00 1.99471140e+00 1.98456125e+00 ... 7.60781250e-21\n",
      "  2.84221100e-21 1.05104596e-21]\n",
      " [1.95441966e+00 1.98456125e+00 1.99471140e+00 ... 2.01572908e-20\n",
      "  7.60781250e-21 2.84221100e-21]\n",
      " ...\n",
      " [2.84221100e-21 7.60781250e-21 2.01572908e-20 ... 1.99471140e+00\n",
      "  1.98456125e+00 1.95441966e+00]\n",
      " [1.05104596e-21 2.84221100e-21 7.60781250e-21 ... 1.98456125e+00\n",
      "  1.99471140e+00 1.98456125e+00]\n",
      " [3.84729931e-22 1.05104596e-21 2.84221100e-21 ... 1.95441966e+00\n",
      "  1.98456125e+00 1.99471140e+00]]\n",
      "blur\n",
      "blur\n",
      "blur\n",
      "blur\n",
      "blur\n",
      "blur\n",
      "blur\n",
      "blur\n",
      "blur\n",
      "blur\n",
      "blur\n",
      "blur\n",
      "blur\n",
      "blur\n",
      "blur\n",
      "blur\n",
      "blur\n",
      "blur\n",
      "blur\n",
      "blur\n",
      "blur\n",
      "blur\n",
      "blur\n",
      "blur\n",
      "blur\n",
      "blur\n",
      "blur\n",
      "blur\n",
      "blur\n",
      "blur\n",
      "[[1.99471140e+00 1.98456125e+00 1.95441966e+00 ... 2.84221100e-21\n",
      "  1.05104596e-21 3.84729931e-22]\n",
      " [1.98456125e+00 1.99471140e+00 1.98456125e+00 ... 7.60781250e-21\n",
      "  2.84221100e-21 1.05104596e-21]\n",
      " [1.95441966e+00 1.98456125e+00 1.99471140e+00 ... 2.01572908e-20\n",
      "  7.60781250e-21 2.84221100e-21]\n",
      " ...\n",
      " [2.84221100e-21 7.60781250e-21 2.01572908e-20 ... 1.99471140e+00\n",
      "  1.98456125e+00 1.95441966e+00]\n",
      " [1.05104596e-21 2.84221100e-21 7.60781250e-21 ... 1.98456125e+00\n",
      "  1.99471140e+00 1.98456125e+00]\n",
      " [3.84729931e-22 1.05104596e-21 2.84221100e-21 ... 1.95441966e+00\n",
      "  1.98456125e+00 1.99471140e+00]]\n",
      "blur\n",
      "blur\n",
      "blur\n",
      "blur\n",
      "blur\n",
      "blur\n",
      "blur\n",
      "blur\n",
      "blur\n",
      "blur\n",
      "blur\n",
      "blur\n",
      "blur\n",
      "blur\n",
      "blur\n",
      "blur\n",
      "blur\n",
      "blur\n",
      "blur\n",
      "blur\n",
      "blur\n",
      "blur\n",
      "blur\n",
      "blur\n",
      "blur\n",
      "blur\n",
      "blur\n",
      "blur\n",
      "blur\n",
      "blur\n",
      "[[1.99471140e+00 1.98456125e+00 1.95441966e+00 ... 2.84221100e-21\n",
      "  1.05104596e-21 3.84729931e-22]\n",
      " [1.98456125e+00 1.99471140e+00 1.98456125e+00 ... 7.60781250e-21\n",
      "  2.84221100e-21 1.05104596e-21]\n",
      " [1.95441966e+00 1.98456125e+00 1.99471140e+00 ... 2.01572908e-20\n",
      "  7.60781250e-21 2.84221100e-21]\n",
      " ...\n",
      " [2.84221100e-21 7.60781250e-21 2.01572908e-20 ... 1.99471140e+00\n",
      "  1.98456125e+00 1.95441966e+00]\n",
      " [1.05104596e-21 2.84221100e-21 7.60781250e-21 ... 1.98456125e+00\n",
      "  1.99471140e+00 1.98456125e+00]\n",
      " [3.84729931e-22 1.05104596e-21 2.84221100e-21 ... 1.95441966e+00\n",
      "  1.98456125e+00 1.99471140e+00]]\n",
      "blur\n",
      "blur\n",
      "blur\n",
      "blur\n",
      "blur\n",
      "blur\n",
      "blur\n",
      "blur\n",
      "blur\n",
      "blur\n",
      "blur\n",
      "blur\n",
      "blur\n",
      "blur\n",
      "blur\n",
      "blur\n",
      "blur\n",
      "blur\n",
      "blur\n",
      "blur\n",
      "blur\n",
      "blur\n",
      "blur\n",
      "blur\n",
      "blur\n",
      "blur\n",
      "blur\n",
      "blur\n",
      "blur\n",
      "blur\n",
      "[[1.99471140e+00 1.98456125e+00 1.95441966e+00 ... 2.84221100e-21\n",
      "  1.05104596e-21 3.84729931e-22]\n",
      " [1.98456125e+00 1.99471140e+00 1.98456125e+00 ... 7.60781250e-21\n",
      "  2.84221100e-21 1.05104596e-21]\n",
      " [1.95441966e+00 1.98456125e+00 1.99471140e+00 ... 2.01572908e-20\n",
      "  7.60781250e-21 2.84221100e-21]\n",
      " ...\n",
      " [2.84221100e-21 7.60781250e-21 2.01572908e-20 ... 1.99471140e+00\n",
      "  1.98456125e+00 1.95441966e+00]\n",
      " [1.05104596e-21 2.84221100e-21 7.60781250e-21 ... 1.98456125e+00\n",
      "  1.99471140e+00 1.98456125e+00]\n",
      " [3.84729931e-22 1.05104596e-21 2.84221100e-21 ... 1.95441966e+00\n",
      "  1.98456125e+00 1.99471140e+00]]\n",
      "blur\n",
      "blur\n",
      "blur\n",
      "blur\n",
      "blur\n",
      "blur\n",
      "blur\n",
      "blur\n",
      "blur\n",
      "blur\n",
      "blur\n",
      "blur\n",
      "blur\n",
      "blur\n",
      "blur\n",
      "blur\n",
      "blur\n",
      "blur\n",
      "blur\n",
      "blur\n",
      "blur\n",
      "blur\n",
      "blur\n",
      "blur\n",
      "blur\n",
      "blur\n",
      "blur\n",
      "blur\n",
      "blur\n",
      "blur\n",
      "[[1.99471140e+00 1.98456125e+00 1.95441966e+00 ... 2.84221100e-21\n",
      "  1.05104596e-21 3.84729931e-22]\n",
      " [1.98456125e+00 1.99471140e+00 1.98456125e+00 ... 7.60781250e-21\n",
      "  2.84221100e-21 1.05104596e-21]\n",
      " [1.95441966e+00 1.98456125e+00 1.99471140e+00 ... 2.01572908e-20\n",
      "  7.60781250e-21 2.84221100e-21]\n",
      " ...\n",
      " [2.84221100e-21 7.60781250e-21 2.01572908e-20 ... 1.99471140e+00\n",
      "  1.98456125e+00 1.95441966e+00]\n",
      " [1.05104596e-21 2.84221100e-21 7.60781250e-21 ... 1.98456125e+00\n",
      "  1.99471140e+00 1.98456125e+00]\n",
      " [3.84729931e-22 1.05104596e-21 2.84221100e-21 ... 1.95441966e+00\n",
      "  1.98456125e+00 1.99471140e+00]]\n",
      "blur\n",
      "blur\n",
      "blur\n",
      "blur\n",
      "blur\n",
      "blur\n",
      "blur\n",
      "blur\n",
      "blur\n",
      "blur\n",
      "blur\n",
      "blur\n",
      "blur\n",
      "blur\n",
      "blur\n",
      "blur\n",
      "blur\n",
      "blur\n",
      "blur\n",
      "blur\n",
      "blur\n",
      "blur\n",
      "blur\n",
      "blur\n",
      "blur\n",
      "blur\n",
      "blur\n",
      "blur\n",
      "blur\n",
      "blur\n",
      "[[1.99471140e+00 1.98456125e+00 1.95441966e+00 ... 2.84221100e-21\n",
      "  1.05104596e-21 3.84729931e-22]\n",
      " [1.98456125e+00 1.99471140e+00 1.98456125e+00 ... 7.60781250e-21\n",
      "  2.84221100e-21 1.05104596e-21]\n",
      " [1.95441966e+00 1.98456125e+00 1.99471140e+00 ... 2.01572908e-20\n",
      "  7.60781250e-21 2.84221100e-21]\n",
      " ...\n",
      " [2.84221100e-21 7.60781250e-21 2.01572908e-20 ... 1.99471140e+00\n",
      "  1.98456125e+00 1.95441966e+00]\n",
      " [1.05104596e-21 2.84221100e-21 7.60781250e-21 ... 1.98456125e+00\n",
      "  1.99471140e+00 1.98456125e+00]\n",
      " [3.84729931e-22 1.05104596e-21 2.84221100e-21 ... 1.95441966e+00\n",
      "  1.98456125e+00 1.99471140e+00]]\n",
      "blur\n",
      "blur\n",
      "blur\n",
      "blur\n",
      "blur\n",
      "blur\n",
      "blur\n",
      "blur\n",
      "blur\n",
      "blur\n",
      "blur\n",
      "blur\n",
      "blur\n",
      "blur\n",
      "blur\n",
      "blur\n",
      "blur\n",
      "blur\n",
      "blur\n",
      "blur\n",
      "blur\n",
      "blur\n",
      "blur\n",
      "blur\n",
      "blur\n",
      "blur\n",
      "blur\n",
      "blur\n",
      "blur\n",
      "blur\n",
      "[[1.99471140e+00 1.98456125e+00 1.95441966e+00 ... 2.84221100e-21\n",
      "  1.05104596e-21 3.84729931e-22]\n",
      " [1.98456125e+00 1.99471140e+00 1.98456125e+00 ... 7.60781250e-21\n",
      "  2.84221100e-21 1.05104596e-21]\n",
      " [1.95441966e+00 1.98456125e+00 1.99471140e+00 ... 2.01572908e-20\n",
      "  7.60781250e-21 2.84221100e-21]\n",
      " ...\n",
      " [2.84221100e-21 7.60781250e-21 2.01572908e-20 ... 1.99471140e+00\n",
      "  1.98456125e+00 1.95441966e+00]\n",
      " [1.05104596e-21 2.84221100e-21 7.60781250e-21 ... 1.98456125e+00\n",
      "  1.99471140e+00 1.98456125e+00]\n",
      " [3.84729931e-22 1.05104596e-21 2.84221100e-21 ... 1.95441966e+00\n",
      "  1.98456125e+00 1.99471140e+00]]\n",
      "blur\n",
      "blur\n",
      "blur\n",
      "blur\n",
      "blur\n",
      "blur\n",
      "blur\n",
      "blur\n",
      "blur\n",
      "blur\n",
      "blur\n",
      "blur\n",
      "blur\n",
      "blur\n",
      "blur\n",
      "blur\n",
      "blur\n",
      "blur\n",
      "blur\n",
      "blur\n",
      "blur\n",
      "blur\n",
      "blur\n",
      "blur\n",
      "blur\n",
      "blur\n",
      "blur\n",
      "blur\n",
      "blur\n",
      "blur\n",
      "[[1.99471140e+00 1.98456125e+00 1.95441966e+00 ... 2.84221100e-21\n",
      "  1.05104596e-21 3.84729931e-22]\n",
      " [1.98456125e+00 1.99471140e+00 1.98456125e+00 ... 7.60781250e-21\n",
      "  2.84221100e-21 1.05104596e-21]\n",
      " [1.95441966e+00 1.98456125e+00 1.99471140e+00 ... 2.01572908e-20\n",
      "  7.60781250e-21 2.84221100e-21]\n",
      " ...\n",
      " [2.84221100e-21 7.60781250e-21 2.01572908e-20 ... 1.99471140e+00\n",
      "  1.98456125e+00 1.95441966e+00]\n",
      " [1.05104596e-21 2.84221100e-21 7.60781250e-21 ... 1.98456125e+00\n",
      "  1.99471140e+00 1.98456125e+00]\n",
      " [3.84729931e-22 1.05104596e-21 2.84221100e-21 ... 1.95441966e+00\n",
      "  1.98456125e+00 1.99471140e+00]]\n",
      "blur\n",
      "blur\n",
      "blur\n",
      "blur\n",
      "blur\n",
      "blur\n",
      "blur\n",
      "blur\n",
      "blur\n",
      "blur\n",
      "blur\n",
      "blur\n",
      "blur\n",
      "blur\n",
      "blur\n",
      "blur\n",
      "blur\n",
      "blur\n",
      "blur\n",
      "blur\n",
      "blur\n",
      "blur\n",
      "blur\n",
      "blur\n",
      "blur\n",
      "blur\n",
      "blur\n",
      "blur\n",
      "blur\n",
      "blur\n",
      "[[1.99471140e+00 1.98456125e+00 1.95441966e+00 ... 2.84221100e-21\n",
      "  1.05104596e-21 3.84729931e-22]\n",
      " [1.98456125e+00 1.99471140e+00 1.98456125e+00 ... 7.60781250e-21\n",
      "  2.84221100e-21 1.05104596e-21]\n",
      " [1.95441966e+00 1.98456125e+00 1.99471140e+00 ... 2.01572908e-20\n",
      "  7.60781250e-21 2.84221100e-21]\n",
      " ...\n",
      " [2.84221100e-21 7.60781250e-21 2.01572908e-20 ... 1.99471140e+00\n",
      "  1.98456125e+00 1.95441966e+00]\n",
      " [1.05104596e-21 2.84221100e-21 7.60781250e-21 ... 1.98456125e+00\n",
      "  1.99471140e+00 1.98456125e+00]\n",
      " [3.84729931e-22 1.05104596e-21 2.84221100e-21 ... 1.95441966e+00\n",
      "  1.98456125e+00 1.99471140e+00]]\n",
      "blur\n",
      "blur\n",
      "blur\n",
      "blur\n",
      "blur\n",
      "blur\n",
      "blur\n",
      "blur\n",
      "blur\n",
      "blur\n",
      "blur\n",
      "blur\n",
      "blur\n",
      "blur\n",
      "blur\n",
      "blur\n",
      "blur\n",
      "blur\n",
      "blur\n",
      "blur\n",
      "blur\n",
      "blur\n",
      "blur\n",
      "blur\n",
      "blur\n",
      "blur\n",
      "blur\n",
      "blur\n",
      "blur\n",
      "blur\n",
      "[[1.99471140e+00 1.98456125e+00 1.95441966e+00 ... 2.84221100e-21\n",
      "  1.05104596e-21 3.84729931e-22]\n",
      " [1.98456125e+00 1.99471140e+00 1.98456125e+00 ... 7.60781250e-21\n",
      "  2.84221100e-21 1.05104596e-21]\n",
      " [1.95441966e+00 1.98456125e+00 1.99471140e+00 ... 2.01572908e-20\n",
      "  7.60781250e-21 2.84221100e-21]\n",
      " ...\n",
      " [2.84221100e-21 7.60781250e-21 2.01572908e-20 ... 1.99471140e+00\n",
      "  1.98456125e+00 1.95441966e+00]\n",
      " [1.05104596e-21 2.84221100e-21 7.60781250e-21 ... 1.98456125e+00\n",
      "  1.99471140e+00 1.98456125e+00]\n",
      " [3.84729931e-22 1.05104596e-21 2.84221100e-21 ... 1.95441966e+00\n",
      "  1.98456125e+00 1.99471140e+00]]\n",
      "blur\n",
      "blur\n",
      "blur\n",
      "blur\n",
      "blur\n",
      "blur\n",
      "blur\n",
      "blur\n",
      "blur\n",
      "blur\n",
      "blur\n",
      "blur\n",
      "blur\n",
      "blur\n",
      "blur\n",
      "blur\n",
      "blur\n",
      "blur\n",
      "blur\n",
      "blur\n",
      "blur\n",
      "blur\n"
     ]
    },
    {
     "name": "stdout",
     "output_type": "stream",
     "text": [
      "blur\n",
      "blur\n",
      "blur\n",
      "blur\n",
      "blur\n",
      "blur\n",
      "blur\n",
      "blur\n",
      "[[1.99471140e+00 1.98456125e+00 1.95441966e+00 ... 2.84221100e-21\n",
      "  1.05104596e-21 3.84729931e-22]\n",
      " [1.98456125e+00 1.99471140e+00 1.98456125e+00 ... 7.60781250e-21\n",
      "  2.84221100e-21 1.05104596e-21]\n",
      " [1.95441966e+00 1.98456125e+00 1.99471140e+00 ... 2.01572908e-20\n",
      "  7.60781250e-21 2.84221100e-21]\n",
      " ...\n",
      " [2.84221100e-21 7.60781250e-21 2.01572908e-20 ... 1.99471140e+00\n",
      "  1.98456125e+00 1.95441966e+00]\n",
      " [1.05104596e-21 2.84221100e-21 7.60781250e-21 ... 1.98456125e+00\n",
      "  1.99471140e+00 1.98456125e+00]\n",
      " [3.84729931e-22 1.05104596e-21 2.84221100e-21 ... 1.95441966e+00\n",
      "  1.98456125e+00 1.99471140e+00]]\n",
      "blur\n",
      "blur\n",
      "blur\n",
      "blur\n",
      "blur\n",
      "blur\n",
      "blur\n",
      "blur\n",
      "blur\n",
      "blur\n",
      "blur\n",
      "blur\n",
      "blur\n",
      "blur\n",
      "blur\n",
      "blur\n",
      "blur\n",
      "blur\n",
      "blur\n",
      "blur\n",
      "blur\n",
      "blur\n",
      "blur\n",
      "blur\n",
      "blur\n",
      "blur\n",
      "blur\n",
      "blur\n",
      "blur\n",
      "blur\n",
      "[[1.99471140e+00 1.98456125e+00 1.95441966e+00 ... 2.84221100e-21\n",
      "  1.05104596e-21 3.84729931e-22]\n",
      " [1.98456125e+00 1.99471140e+00 1.98456125e+00 ... 7.60781250e-21\n",
      "  2.84221100e-21 1.05104596e-21]\n",
      " [1.95441966e+00 1.98456125e+00 1.99471140e+00 ... 2.01572908e-20\n",
      "  7.60781250e-21 2.84221100e-21]\n",
      " ...\n",
      " [2.84221100e-21 7.60781250e-21 2.01572908e-20 ... 1.99471140e+00\n",
      "  1.98456125e+00 1.95441966e+00]\n",
      " [1.05104596e-21 2.84221100e-21 7.60781250e-21 ... 1.98456125e+00\n",
      "  1.99471140e+00 1.98456125e+00]\n",
      " [3.84729931e-22 1.05104596e-21 2.84221100e-21 ... 1.95441966e+00\n",
      "  1.98456125e+00 1.99471140e+00]]\n",
      "blur\n",
      "blur\n",
      "blur\n",
      "blur\n",
      "blur\n",
      "blur\n",
      "blur\n",
      "blur\n",
      "blur\n",
      "blur\n",
      "blur\n",
      "blur\n",
      "blur\n",
      "blur\n",
      "blur\n",
      "blur\n",
      "blur\n",
      "blur\n",
      "blur\n",
      "blur\n",
      "blur\n",
      "blur\n",
      "blur\n",
      "blur\n",
      "blur\n",
      "blur\n",
      "blur\n",
      "blur\n",
      "blur\n",
      "blur\n",
      "[[1.99471140e+00 1.98456125e+00 1.95441966e+00 ... 2.84221100e-21\n",
      "  1.05104596e-21 3.84729931e-22]\n",
      " [1.98456125e+00 1.99471140e+00 1.98456125e+00 ... 7.60781250e-21\n",
      "  2.84221100e-21 1.05104596e-21]\n",
      " [1.95441966e+00 1.98456125e+00 1.99471140e+00 ... 2.01572908e-20\n",
      "  7.60781250e-21 2.84221100e-21]\n",
      " ...\n",
      " [2.84221100e-21 7.60781250e-21 2.01572908e-20 ... 1.99471140e+00\n",
      "  1.98456125e+00 1.95441966e+00]\n",
      " [1.05104596e-21 2.84221100e-21 7.60781250e-21 ... 1.98456125e+00\n",
      "  1.99471140e+00 1.98456125e+00]\n",
      " [3.84729931e-22 1.05104596e-21 2.84221100e-21 ... 1.95441966e+00\n",
      "  1.98456125e+00 1.99471140e+00]]\n",
      "blur\n",
      "blur\n",
      "blur\n",
      "blur\n",
      "blur\n",
      "blur\n",
      "blur\n",
      "blur\n",
      "blur\n",
      "blur\n",
      "blur\n",
      "blur\n",
      "blur\n",
      "blur\n",
      "blur\n",
      "blur\n",
      "blur\n",
      "blur\n",
      "blur\n",
      "blur\n",
      "blur\n",
      "blur\n",
      "blur\n",
      "blur\n",
      "blur\n",
      "blur\n",
      "blur\n",
      "blur\n",
      "blur\n",
      "blur\n",
      "[[1.99471140e+00 1.98456125e+00 1.95441966e+00 ... 2.84221100e-21\n",
      "  1.05104596e-21 3.84729931e-22]\n",
      " [1.98456125e+00 1.99471140e+00 1.98456125e+00 ... 7.60781250e-21\n",
      "  2.84221100e-21 1.05104596e-21]\n",
      " [1.95441966e+00 1.98456125e+00 1.99471140e+00 ... 2.01572908e-20\n",
      "  7.60781250e-21 2.84221100e-21]\n",
      " ...\n",
      " [2.84221100e-21 7.60781250e-21 2.01572908e-20 ... 1.99471140e+00\n",
      "  1.98456125e+00 1.95441966e+00]\n",
      " [1.05104596e-21 2.84221100e-21 7.60781250e-21 ... 1.98456125e+00\n",
      "  1.99471140e+00 1.98456125e+00]\n",
      " [3.84729931e-22 1.05104596e-21 2.84221100e-21 ... 1.95441966e+00\n",
      "  1.98456125e+00 1.99471140e+00]]\n",
      "blur\n",
      "blur\n",
      "blur\n",
      "blur\n",
      "blur\n",
      "blur\n",
      "blur\n",
      "blur\n",
      "blur\n",
      "blur\n",
      "blur\n",
      "blur\n",
      "blur\n",
      "blur\n",
      "blur\n",
      "blur\n",
      "blur\n",
      "blur\n",
      "blur\n",
      "blur\n",
      "blur\n",
      "blur\n",
      "blur\n",
      "blur\n",
      "blur\n",
      "blur\n",
      "blur\n",
      "blur\n",
      "blur\n",
      "blur\n",
      "[[1.99471140e+00 1.98456125e+00 1.95441966e+00 ... 2.84221100e-21\n",
      "  1.05104596e-21 3.84729931e-22]\n",
      " [1.98456125e+00 1.99471140e+00 1.98456125e+00 ... 7.60781250e-21\n",
      "  2.84221100e-21 1.05104596e-21]\n",
      " [1.95441966e+00 1.98456125e+00 1.99471140e+00 ... 2.01572908e-20\n",
      "  7.60781250e-21 2.84221100e-21]\n",
      " ...\n",
      " [2.84221100e-21 7.60781250e-21 2.01572908e-20 ... 1.99471140e+00\n",
      "  1.98456125e+00 1.95441966e+00]\n",
      " [1.05104596e-21 2.84221100e-21 7.60781250e-21 ... 1.98456125e+00\n",
      "  1.99471140e+00 1.98456125e+00]\n",
      " [3.84729931e-22 1.05104596e-21 2.84221100e-21 ... 1.95441966e+00\n",
      "  1.98456125e+00 1.99471140e+00]]\n",
      "blur\n",
      "blur\n",
      "blur\n",
      "blur\n",
      "blur\n",
      "blur\n",
      "blur\n",
      "blur\n",
      "blur\n",
      "blur\n",
      "blur\n",
      "blur\n",
      "blur\n",
      "blur\n",
      "blur\n",
      "blur\n",
      "blur\n",
      "blur\n",
      "blur\n",
      "blur\n",
      "blur\n",
      "blur\n",
      "blur\n",
      "blur\n",
      "blur\n",
      "blur\n",
      "blur\n",
      "blur\n",
      "blur\n",
      "blur\n",
      "[[1.99471140e+00 1.98456125e+00 1.95441966e+00 ... 2.84221100e-21\n",
      "  1.05104596e-21 3.84729931e-22]\n",
      " [1.98456125e+00 1.99471140e+00 1.98456125e+00 ... 7.60781250e-21\n",
      "  2.84221100e-21 1.05104596e-21]\n",
      " [1.95441966e+00 1.98456125e+00 1.99471140e+00 ... 2.01572908e-20\n",
      "  7.60781250e-21 2.84221100e-21]\n",
      " ...\n",
      " [2.84221100e-21 7.60781250e-21 2.01572908e-20 ... 1.99471140e+00\n",
      "  1.98456125e+00 1.95441966e+00]\n",
      " [1.05104596e-21 2.84221100e-21 7.60781250e-21 ... 1.98456125e+00\n",
      "  1.99471140e+00 1.98456125e+00]\n",
      " [3.84729931e-22 1.05104596e-21 2.84221100e-21 ... 1.95441966e+00\n",
      "  1.98456125e+00 1.99471140e+00]]\n",
      "blur\n",
      "blur\n",
      "blur\n",
      "blur\n",
      "blur\n",
      "blur\n",
      "blur\n",
      "blur\n",
      "blur\n",
      "blur\n",
      "blur\n",
      "blur\n",
      "blur\n",
      "blur\n",
      "blur\n",
      "blur\n",
      "blur\n",
      "blur\n",
      "blur\n",
      "blur\n",
      "blur\n",
      "blur\n",
      "blur\n",
      "blur\n",
      "blur\n",
      "blur\n",
      "blur\n",
      "blur\n",
      "blur\n",
      "blur\n",
      "[[1.99471140e+00 1.98456125e+00 1.95441966e+00 ... 2.84221100e-21\n",
      "  1.05104596e-21 3.84729931e-22]\n",
      " [1.98456125e+00 1.99471140e+00 1.98456125e+00 ... 7.60781250e-21\n",
      "  2.84221100e-21 1.05104596e-21]\n",
      " [1.95441966e+00 1.98456125e+00 1.99471140e+00 ... 2.01572908e-20\n",
      "  7.60781250e-21 2.84221100e-21]\n",
      " ...\n",
      " [2.84221100e-21 7.60781250e-21 2.01572908e-20 ... 1.99471140e+00\n",
      "  1.98456125e+00 1.95441966e+00]\n",
      " [1.05104596e-21 2.84221100e-21 7.60781250e-21 ... 1.98456125e+00\n",
      "  1.99471140e+00 1.98456125e+00]\n",
      " [3.84729931e-22 1.05104596e-21 2.84221100e-21 ... 1.95441966e+00\n",
      "  1.98456125e+00 1.99471140e+00]]\n",
      "blur\n",
      "blur\n",
      "blur\n",
      "blur\n",
      "blur\n",
      "blur\n",
      "blur\n",
      "blur\n",
      "blur\n",
      "blur\n",
      "blur\n",
      "blur\n",
      "blur\n",
      "blur\n",
      "blur\n",
      "blur\n",
      "blur\n",
      "blur\n",
      "blur\n",
      "blur\n",
      "blur\n",
      "blur\n",
      "blur\n",
      "blur\n",
      "blur\n",
      "blur\n",
      "blur\n",
      "blur\n",
      "blur\n",
      "blur\n",
      "[[1.99471140e+00 1.98456125e+00 1.95441966e+00 ... 2.84221100e-21\n",
      "  1.05104596e-21 3.84729931e-22]\n",
      " [1.98456125e+00 1.99471140e+00 1.98456125e+00 ... 7.60781250e-21\n",
      "  2.84221100e-21 1.05104596e-21]\n",
      " [1.95441966e+00 1.98456125e+00 1.99471140e+00 ... 2.01572908e-20\n",
      "  7.60781250e-21 2.84221100e-21]\n",
      " ...\n",
      " [2.84221100e-21 7.60781250e-21 2.01572908e-20 ... 1.99471140e+00\n",
      "  1.98456125e+00 1.95441966e+00]\n",
      " [1.05104596e-21 2.84221100e-21 7.60781250e-21 ... 1.98456125e+00\n",
      "  1.99471140e+00 1.98456125e+00]\n",
      " [3.84729931e-22 1.05104596e-21 2.84221100e-21 ... 1.95441966e+00\n",
      "  1.98456125e+00 1.99471140e+00]]\n",
      "blur\n",
      "blur\n",
      "blur\n",
      "blur\n",
      "blur\n",
      "blur\n",
      "blur\n",
      "blur\n",
      "blur\n",
      "blur\n",
      "blur\n",
      "blur\n",
      "blur\n",
      "blur\n",
      "blur\n",
      "blur\n",
      "blur\n",
      "blur\n",
      "blur\n",
      "blur\n",
      "blur\n",
      "blur\n",
      "blur\n",
      "blur\n",
      "blur\n",
      "blur\n",
      "blur\n",
      "blur\n",
      "blur\n",
      "blur\n",
      "[[1.99471140e+00 1.98456125e+00 1.95441966e+00 ... 2.84221100e-21\n",
      "  1.05104596e-21 3.84729931e-22]\n",
      " [1.98456125e+00 1.99471140e+00 1.98456125e+00 ... 7.60781250e-21\n",
      "  2.84221100e-21 1.05104596e-21]\n",
      " [1.95441966e+00 1.98456125e+00 1.99471140e+00 ... 2.01572908e-20\n",
      "  7.60781250e-21 2.84221100e-21]\n",
      " ...\n",
      " [2.84221100e-21 7.60781250e-21 2.01572908e-20 ... 1.99471140e+00\n",
      "  1.98456125e+00 1.95441966e+00]\n",
      " [1.05104596e-21 2.84221100e-21 7.60781250e-21 ... 1.98456125e+00\n",
      "  1.99471140e+00 1.98456125e+00]\n",
      " [3.84729931e-22 1.05104596e-21 2.84221100e-21 ... 1.95441966e+00\n",
      "  1.98456125e+00 1.99471140e+00]]\n",
      "blur\n",
      "blur\n",
      "blur\n",
      "blur\n",
      "blur\n",
      "blur\n",
      "blur\n",
      "blur\n",
      "blur\n",
      "blur\n",
      "blur\n",
      "blur\n",
      "blur\n",
      "blur\n",
      "blur\n",
      "blur\n",
      "blur\n",
      "blur\n",
      "blur\n",
      "blur\n",
      "blur\n",
      "blur\n",
      "blur\n",
      "blur\n",
      "blur\n",
      "blur\n",
      "blur\n",
      "blur\n",
      "blur\n",
      "blur\n",
      "[[1.99471140e+00 1.98456125e+00 1.95441966e+00 ... 2.84221100e-21\n",
      "  1.05104596e-21 3.84729931e-22]\n",
      " [1.98456125e+00 1.99471140e+00 1.98456125e+00 ... 7.60781250e-21\n",
      "  2.84221100e-21 1.05104596e-21]\n",
      " [1.95441966e+00 1.98456125e+00 1.99471140e+00 ... 2.01572908e-20\n",
      "  7.60781250e-21 2.84221100e-21]\n",
      " ...\n",
      " [2.84221100e-21 7.60781250e-21 2.01572908e-20 ... 1.99471140e+00\n",
      "  1.98456125e+00 1.95441966e+00]\n",
      " [1.05104596e-21 2.84221100e-21 7.60781250e-21 ... 1.98456125e+00\n",
      "  1.99471140e+00 1.98456125e+00]\n",
      " [3.84729931e-22 1.05104596e-21 2.84221100e-21 ... 1.95441966e+00\n",
      "  1.98456125e+00 1.99471140e+00]]\n",
      "blur\n",
